pos: [5, 3], client_on_board: 0, view: [0.0, 0.0, -1.0, 0.0]
[146.56204037 242.10641997 249.05256604 245.56204037 242.10641997]
action: Action.DOWN, reward: -1
Grid:
[[ 0.  0.  0.  0.  0.  0.  0.  0.  0.  0.  0.  0.]
 [ 1.  0. -1.  0.  0. -1. -1. -1. -1.  0.  0. -1.]
 [ 1.  0. -1.  0.  0.  0.  0.  0.  0.  0.  0. -1.]
 [ 1.  0. -1.  0. -1. -1.  0. 50.  0.  0.  0.  0.]
 [ 1.  0.  0.  0.  0.  0.  0.  0.  0.  0.  0.  0.]
 [ 1.  0. -1.  0.  0.  0.  0.  0.  0. -1. -1. -1.]
 [ 1.  0. -1.  3.  0. -1.  0.  0.  0.  0.  0.  0.]
 [10.  0.  0.  0.  0. -1. 60.  0.  0.  0.  0. 90.]]
pos: [6, 3], client_on_board: 0, view: [0.0, 0.0, -1.0, 0.0]
[150.05256604 245.56204037 252.57834953 249.05256604 245.56204037]
action: Action.DOWN, reward: -1
Grid:
[[ 0.  0.  0.  0.  0.  0.  0.  0.  0.  0.  0.  0.]
 [ 1.  0. -1.  0.  0. -1. -1. -1. -1.  0.  0. -1.]
 [ 1.  0. -1.  0.  0.  0.  0.  0.  0.  0.  0. -1.]
 [ 1.  0. -1.  0. -1. -1.  0. 50.  0.  0.  0.  0.]
 [ 1.  0.  0.  0.  0.  0.  0.  0.  0.  0.  0.  0.]
 [ 1.  0. -1.  0.  0.  0.  0.  0.  0. -1. -1. -1.]
 [ 1.  0. -1.  0.  0. -1.  0.  0.  0.  0.  0.  0.]
 [10.  0.  0.  3.  0. -1. 60.  0.  0.  0.  0. 90.]]
pos: [7, 3], client_on_board: 0, view: [0.0, -1, 0.0, 0.0]
[153.57834953 249.05256604 252.57834953 256.139747   249.05256604]
action: Action.LEFT, reward: -1
Grid:
[[ 0.  0.  0.  0.  0.  0.  0.  0.  0.  0.  0.  0.]
 [ 1.  0. -1.  0.  0. -1. -1. -1. -1.  0.  0. -1.]
 [ 1.  0. -1.  0.  0.  0.  0.  0.  0.  0.  0. -1.]
 [ 1.  0. -1.  0. -1. -1.  0. 50.  0.  0.  0.  0.]
 [ 1.  0.  0.  0.  0.  0.  0.  0.  0.  0.  0.  0.]
 [ 1.  0. -1.  0.  0.  0.  0.  0.  0. -1. -1. -1.]
 [ 1.  0. -1.  0.  0. -1.  0.  0.  0.  0.  0.  0.]
 [10.  0.  3.  0.  0. -1. 60.  0.  0.  0.  0. 90.]]
pos: [7, 2], client_on_board: 0, view: [-1.0, -1, 0.0, 0.0]
[157.139747   256.139747   256.139747   259.73711818 252.57834953]
action: Action.LEFT, reward: -1
Grid:
[[ 0.  0.  0.  0.  0.  0.  0.  0.  0.  0.  0.  0.]
 [ 1.  0. -1.  0.  0. -1. -1. -1. -1.  0.  0. -1.]
 [ 1.  0. -1.  0.  0.  0.  0.  0.  0.  0.  0. -1.]
 [ 1.  0. -1.  0. -1. -1.  0. 50.  0.  0.  0.  0.]
 [ 1.  0.  0.  0.  0.  0.  0.  0.  0.  0.  0.  0.]
 [ 1.  0. -1.  0.  0.  0.  0.  0.  0. -1. -1. -1.]
 [ 1.  0. -1.  0.  0. -1.  0.  0.  0.  0.  0.  0.]
 [10.  3.  0.  0.  0. -1. 60.  0.  0.  0.  0. 90.]]
pos: [7, 1], client_on_board: 0, view: [0.0, -1, 10.0, 0.0]
[160.73711818 256.139747   259.73711818 263.37082645 256.139747  ]
action: Action.LEFT, reward: 10
Grid:
[[ 0.  0.  0.  0.  0.  0.  0.  0.  0.  0.  0.  0.]
 [ 1.  0. -1.  0.  0. -1. -1. -1. -1.  0.  0. -1.]
 [ 1.  0. -1.  0.  0.  0.  0.  0.  0.  0.  0. -1.]
 [ 1.  0. -1.  0. -1. -1.  0. 50.  0.  0.  0.  0.]
 [ 1.  0.  0.  0.  0.  0.  0.  0.  0.  0.  0.  0.]
 [ 1.  0. -1.  0.  0.  0.  0.  0.  0. -1. -1. -1.]
 [ 1.  0. -1.  0.  0. -1.  0.  0.  0.  0.  0.  0.]
 [ 3.  0.  0.  0.  0. -1. 60.  0.  0.  0.  0. 90.]]
pos: [7, 0], client_on_board: 1, view: [1.0, -1, -1, 0.0]
[153.37082645 248.84711818 252.37082645 252.37082645 255.93012772]
action: Action.RIGHT, reward: -1
Grid:
[[ 0.  0.  0.  0.  0.  0.  0.  0.  0.  0.  0.  0.]
 [ 1.  0. -1.  0.  0. -1. -1. -1. -1.  0.  0. -1.]
 [ 1.  0. -1.  0.  0.  0.  0.  0.  0.  0.  0. -1.]
 [ 1.  0. -1.  0. -1. -1.  0. 50.  0.  0.  0.  0.]
 [ 1.  0.  0.  0.  0.  0.  0.  0.  0.  0.  0.  0.]
 [ 1.  0. -1.  0.  0.  0.  0.  0.  0. -1. -1. -1.]
 [ 1.  0. -1.  0.  0. -1.  0.  0.  0.  0.  0.  0.]
 [10.  3.  0.  0.  0. -1. 60.  0.  0.  0.  0. 90.]]
pos: [7, 1], client_on_board: 1, view: [0.0, -1, 10.0, 0.0]
[156.93012772 252.37082645 255.93012772 252.37082645 259.52538154]
action: Action.RIGHT, reward: -1
Grid:
[[ 0.  0.  0.  0.  0.  0.  0.  0.  0.  0.  0.  0.]
 [ 1.  0. -1.  0.  0. -1. -1. -1. -1.  0.  0. -1.]
 [ 1.  0. -1.  0.  0.  0.  0.  0.  0.  0.  0. -1.]
 [ 1.  0. -1.  0. -1. -1.  0. 50.  0.  0.  0.  0.]
 [ 1.  0.  0.  0.  0.  0.  0.  0.  0.  0.  0.  0.]
 [ 1.  0. -1.  0.  0.  0.  0.  0.  0. -1. -1. -1.]
 [ 1.  0. -1.  0.  0. -1.  0.  0.  0.  0.  0.  0.]
 [10.  0.  3.  0.  0. -1. 60.  0.  0.  0.  0. 90.]]
pos: [7, 2], client_on_board: 1, view: [-1.0, -1, 0.0, 0.0]
[160.52538154 259.52538154 259.52538154 255.93012772 263.15695105]
action: Action.RIGHT, reward: -1
Grid:
[[ 0.  0.  0.  0.  0.  0.  0.  0.  0.  0.  0.  0.]
 [ 1.  0. -1.  0.  0. -1. -1. -1. -1.  0.  0. -1.]
 [ 1.  0. -1.  0.  0.  0.  0.  0.  0.  0.  0. -1.]
 [ 1.  0. -1.  0. -1. -1.  0. 50.  0.  0.  0.  0.]
 [ 1.  0.  0.  0.  0.  0.  0.  0.  0.  0.  0.  0.]
 [ 1.  0. -1.  0.  0.  0.  0.  0.  0. -1. -1. -1.]
 [ 1.  0. -1.  0.  0. -1.  0.  0.  0.  0.  0.  0.]
 [10.  0.  0.  3.  0. -1. 60.  0.  0.  0.  0. 90.]]
pos: [7, 3], client_on_board: 1, view: [0.0, -1, 0.0, 0.0]
[164.15695105 266.82520308 263.15695105 259.52538154 266.82520308]
action: Action.UP, reward: -1
Grid:
[[ 0.  0.  0.  0.  0.  0.  0.  0.  0.  0.  0.  0.]
 [ 1.  0. -1.  0.  0. -1. -1. -1. -1.  0.  0. -1.]
 [ 1.  0. -1.  0.  0.  0.  0.  0.  0.  0.  0. -1.]
 [ 1.  0. -1.  0. -1. -1.  0. 50.  0.  0.  0.  0.]
 [ 1.  0.  0.  0.  0.  0.  0.  0.  0.  0.  0.  0.]
 [ 1.  0. -1.  0.  0.  0.  0.  0.  0. -1. -1. -1.]
 [ 1.  0. -1.  3.  0. -1.  0.  0.  0.  0.  0.  0.]
 [10.  0.  0.  0.  0. -1. 60.  0.  0.  0.  0. 90.]]
pos: [6, 3], client_on_board: 1, view: [0.0, 0.0, -1.0, 0.0]
[167.82520308 270.53050816 263.15695105 266.82520308 270.53050816]
action: Action.UP, reward: -1
Grid:
[[ 0.  0.  0.  0.  0.  0.  0.  0.  0.  0.  0.  0.]
 [ 1.  0. -1.  0.  0. -1. -1. -1. -1.  0.  0. -1.]
 [ 1.  0. -1.  0.  0.  0.  0.  0.  0.  0.  0. -1.]
 [ 1.  0. -1.  0. -1. -1.  0. 50.  0.  0.  0.  0.]
 [ 1.  0.  0.  0.  0.  0.  0.  0.  0.  0.  0.  0.]
 [ 1.  0. -1.  3.  0.  0.  0.  0.  0. -1. -1. -1.]
 [ 1.  0. -1.  0.  0. -1.  0.  0.  0.  0.  0.  0.]
 [10.  0.  0.  0.  0. -1. 60.  0.  0.  0.  0. 90.]]
pos: [5, 3], client_on_board: 1, view: [0.0, 0.0, -1.0, 0.0]
[171.53050816 266.82520308 266.82520308 270.53050816 274.27324057]
action: Action.RIGHT, reward: -1
Grid:
[[ 0.  0.  0.  0.  0.  0.  0.  0.  0.  0.  0.  0.]
 [ 1.  0. -1.  0.  0. -1. -1. -1. -1.  0.  0. -1.]
 [ 1.  0. -1.  0.  0.  0.  0.  0.  0.  0.  0. -1.]
 [ 1.  0. -1.  0. -1. -1.  0. 50.  0.  0.  0.  0.]
 [ 1.  0.  0.  0.  0.  0.  0.  0.  0.  0.  0.  0.]
 [ 1.  0. -1.  0.  3.  0.  0.  0.  0. -1. -1. -1.]
 [ 1.  0. -1.  0.  0. -1.  0.  0.  0.  0.  0.  0.]
 [10.  0.  0.  0.  0. -1. 60.  0.  0.  0.  0. 90.]]
pos: [5, 4], client_on_board: 1, view: [0.0, 0.0, 0.0, 0.0]
[175.27324057 270.53050816 270.53050816 270.53050816 278.05377835]
action: Action.RIGHT, reward: -1
Grid:
[[ 0.  0.  0.  0.  0.  0.  0.  0.  0.  0.  0.  0.]
 [ 1.  0. -1.  0.  0. -1. -1. -1. -1.  0.  0. -1.]
 [ 1.  0. -1.  0.  0.  0.  0.  0.  0.  0.  0. -1.]
 [ 1.  0. -1.  0. -1. -1.  0. 50.  0.  0.  0.  0.]
 [ 1.  0.  0.  0.  0.  0.  0.  0.  0.  0.  0.  0.]
 [ 1.  0. -1.  0.  0.  3.  0.  0.  0. -1. -1. -1.]
 [ 1.  0. -1.  0.  0. -1.  0.  0.  0.  0.  0.  0.]
 [10.  0.  0.  0.  0. -1. 60.  0.  0.  0.  0. 90.]]
pos: [5, 5], client_on_board: 1, view: [0.0, -1.0, 0.0, 0.0]
[179.05377835 274.27324057 278.05377835 274.27324057 281.87250339]
action: Action.RIGHT, reward: -1
Grid:
[[ 0.  0.  0.  0.  0.  0.  0.  0.  0.  0.  0.  0.]
 [ 1.  0. -1.  0.  0. -1. -1. -1. -1.  0.  0. -1.]
 [ 1.  0. -1.  0.  0.  0.  0.  0.  0.  0.  0. -1.]
 [ 1.  0. -1.  0. -1. -1.  0. 50.  0.  0.  0.  0.]
 [ 1.  0.  0.  0.  0.  0.  0.  0.  0.  0.  0.  0.]
 [ 1.  0. -1.  0.  0.  0.  3.  0.  0. -1. -1. -1.]
 [ 1.  0. -1.  0.  0. -1.  0.  0.  0.  0.  0.  0.]
 [10.  0.  0.  0.  0. -1. 60.  0.  0.  0.  0. 90.]]
pos: [5, 6], client_on_board: 1, view: [0.0, 0.0, 0.0, 0.0]
[182.87250339 278.05377835 285.7298014  278.05377835 278.05377835]
action: Action.DOWN, reward: -1
Grid:
[[ 0.  0.  0.  0.  0.  0.  0.  0.  0.  0.  0.  0.]
 [ 1.  0. -1.  0.  0. -1. -1. -1. -1.  0.  0. -1.]
 [ 1.  0. -1.  0.  0.  0.  0.  0.  0.  0.  0. -1.]
 [ 1.  0. -1.  0. -1. -1.  0. 50.  0.  0.  0.  0.]
 [ 1.  0.  0.  0.  0.  0.  0.  0.  0.  0.  0.  0.]
 [ 1.  0. -1.  0.  0.  0.  0.  0.  0. -1. -1. -1.]
 [ 1.  0. -1.  0.  0. -1.  3.  0.  0.  0.  0.  0.]
 [10.  0.  0.  0.  0. -1. 60.  0.  0.  0.  0. 90.]]
pos: [6, 6], client_on_board: 1, view: [0.0, 60.0, -1.0, 0.0]
[186.7298014  281.87250339 289.62606202 285.7298014  281.87250339]
action: Action.DOWN, reward: 60.0
Grid:
[[ 0.  0.  0.  0.  0.  0.  0.  0.  0.  0.  0.  0.]
 [ 1.  0. -1.  0.  0. -1. -1. -1. -1.  0.  0. -1.]
 [ 1.  0. -1.  0.  0.  0.  0.  0.  0.  0.  0. -1.]
 [ 1.  0. -1.  0. -1. -1.  0. 50.  0.  0.  0.  0.]
 [ 1.  0.  0.  0.  0.  0.  0.  0.  0.  0.  0.  0.]
 [ 1.  0. -1.  0.  0.  0.  0.  0.  0. -1. -1. -1.]
 [ 1.  0. -1.  0.  0. -1.  0.  0.  0.  0.  0.  0.]
 [10.  0.  0.  0.  0. -1.  3.  0.  0.  0.  0. 90.]]
pos: [7, 6], client_on_board: 0, view: [0.0, -1, -1.0, 0.0]
[129.62606202 231.94551719 228.62606202 228.62606202 225.3398014 ]
action: Action.UP, reward: -1
Grid:
[[ 0.  0.  0.  0.  0.  0.  0.  0.  0.  0.  0.  0.]
 [ 1.  0. -1.  0.  0. -1. -1. -1. -1.  0.  0. -1.]
 [ 1.  0. -1.  0.  0.  0.  0.  0.  0.  0.  0. -1.]
 [ 1.  0. -1.  0. -1. -1.  0. 50.  0.  0.  0.  0.]
 [ 1.  0.  0.  0.  0.  0.  0.  0.  0.  0.  0.  0.]
 [ 1.  0. -1.  0.  0.  0.  0.  0.  0. -1. -1. -1.]
 [ 1.  0. -1.  0.  0. -1.  3.  0.  0.  0.  0.  0.]
 [10.  0.  0.  0.  0. -1. 60.  0.  0.  0.  0. 90.]]
pos: [6, 6], client_on_board: 0, view: [0.0, 60.0, -1.0, 0.0]
[132.94551719 235.29850221 228.62606202 231.94551719 228.62606202]
action: Action.UP, reward: -1
Grid:
[[ 0.  0.  0.  0.  0.  0.  0.  0.  0.  0.  0.  0.]
 [ 1.  0. -1.  0.  0. -1. -1. -1. -1.  0.  0. -1.]
 [ 1.  0. -1.  0.  0.  0.  0.  0.  0.  0.  0. -1.]
 [ 1.  0. -1.  0. -1. -1.  0. 50.  0.  0.  0.  0.]
 [ 1.  0.  0.  0.  0.  0.  0.  0.  0.  0.  0.  0.]
 [ 1.  0. -1.  0.  0.  0.  3.  0.  0. -1. -1. -1.]
 [ 1.  0. -1.  0.  0. -1.  0.  0.  0.  0.  0.  0.]
 [10.  0.  0.  0.  0. -1. 60.  0.  0.  0.  0. 90.]]
pos: [5, 6], client_on_board: 0, view: [0.0, 0.0, 0.0, 0.0]
[136.29850221 231.94551719 231.94551719 238.68535577 231.94551719]
action: Action.LEFT, reward: -1
Grid:
[[ 0.  0.  0.  0.  0.  0.  0.  0.  0.  0.  0.  0.]
 [ 1.  0. -1.  0.  0. -1. -1. -1. -1.  0.  0. -1.]
 [ 1.  0. -1.  0.  0.  0.  0.  0.  0.  0.  0. -1.]
 [ 1.  0. -1.  0. -1. -1.  0. 50.  0.  0.  0.  0.]
 [ 1.  0.  0.  0.  0.  0.  0.  0.  0.  0.  0.  0.]
 [ 1.  0. -1.  0.  0.  3.  0.  0.  0. -1. -1. -1.]
 [ 1.  0. -1.  0.  0. -1.  0.  0.  0.  0.  0.  0.]
 [10.  0.  0.  0.  0. -1. 60.  0.  0.  0.  0. 90.]]
pos: [5, 5], client_on_board: 0, view: [0.0, -1.0, 0.0, 0.0]
[139.68535577 235.29850221 238.68535577 242.10641997 235.29850221]
action: Action.LEFT, reward: -1
Grid:
[[ 0.  0.  0.  0.  0.  0.  0.  0.  0.  0.  0.  0.]
 [ 1.  0. -1.  0.  0. -1. -1. -1. -1.  0.  0. -1.]
 [ 1.  0. -1.  0.  0.  0.  0.  0.  0.  0.  0. -1.]
 [ 1.  0. -1.  0. -1. -1.  0. 50.  0.  0.  0.  0.]
 [ 1.  0.  0.  0.  0.  0.  0.  0.  0.  0.  0.  0.]
 [ 1.  0. -1.  0.  3.  0.  0.  0.  0. -1. -1. -1.]
 [ 1.  0. -1.  0.  0. -1.  0.  0.  0.  0.  0.  0.]
 [10.  0.  0.  0.  0. -1. 60.  0.  0.  0.  0. 90.]]
pos: [5, 4], client_on_board: 0, view: [0.0, 0.0, 0.0, 0.0]
[143.10641997 238.68535577 245.56204037 245.56204037 238.68535577]
action: Action.DOWN, reward: -1
Grid:
[[ 0.  0.  0.  0.  0.  0.  0.  0.  0.  0.  0.  0.]
 [ 1.  0. -1.  0.  0. -1. -1. -1. -1.  0.  0. -1.]
 [ 1.  0. -1.  0.  0.  0.  0.  0.  0.  0.  0. -1.]
 [ 1.  0. -1.  0. -1. -1.  0. 50.  0.  0.  0.  0.]
 [ 1.  0.  0.  0.  0.  0.  0.  0.  0.  0.  0.  0.]
 [ 1.  0. -1.  0.  0.  0.  0.  0.  0. -1. -1. -1.]
 [ 1.  0. -1.  0.  3. -1.  0.  0.  0.  0.  0.  0.]
 [10.  0.  0.  0.  0. -1. 60.  0.  0.  0.  0. 90.]]
pos: [6, 4], client_on_board: 0, view: [0.0, 0.0, 0.0, -1.0]
[146.56204037 242.10641997 249.05256604 249.05256604 245.56204037]
action: Action.DOWN, reward: -1
Grid:
[[ 0.  0.  0.  0.  0.  0.  0.  0.  0.  0.  0.  0.]
 [ 1.  0. -1.  0.  0. -1. -1. -1. -1.  0.  0. -1.]
 [ 1.  0. -1.  0.  0.  0.  0.  0.  0.  0.  0. -1.]
 [ 1.  0. -1.  0. -1. -1.  0. 50.  0.  0.  0.  0.]
 [ 1.  0.  0.  0.  0.  0.  0.  0.  0.  0.  0.  0.]
 [ 1.  0. -1.  0.  0.  0.  0.  0.  0. -1. -1. -1.]
 [ 1.  0. -1.  0.  0. -1.  0.  0.  0.  0.  0.  0.]
 [10.  0.  0.  0.  3. -1. 60.  0.  0.  0.  0. 90.]]
pos: [7, 4], client_on_board: 0, view: [0.0, -1, 0.0, -1.0]
[150.05256604 245.56204037 249.05256604 252.57834953 249.05256604]
action: Action.LEFT, reward: -1
Grid:
[[ 0.  0.  0.  0.  0.  0.  0.  0.  0.  0.  0.  0.]
 [ 1.  0. -1.  0.  0. -1. -1. -1. -1.  0.  0. -1.]
 [ 1.  0. -1.  0.  0.  0.  0.  0.  0.  0.  0. -1.]
 [ 1.  0. -1.  0. -1. -1.  0. 50.  0.  0.  0.  0.]
 [ 1.  0.  0.  0.  0.  0.  0.  0.  0.  0.  0.  0.]
 [ 1.  0. -1.  0.  0.  0.  0.  0.  0. -1. -1. -1.]
 [ 1.  0. -1.  0.  0. -1.  0.  0.  0.  0.  0.  0.]
 [10.  0.  0.  3.  0. -1. 60.  0.  0.  0.  0. 90.]]
pos: [7, 3], client_on_board: 0, view: [0.0, -1, 0.0, 0.0]
[153.57834953 249.05256604 252.57834953 256.139747   249.05256604]
action: Action.LEFT, reward: -1
Grid:
[[ 0.  0.  0.  0.  0.  0.  0.  0.  0.  0.  0.  0.]
 [ 1.  0. -1.  0.  0. -1. -1. -1. -1.  0.  0. -1.]
 [ 1.  0. -1.  0.  0.  0.  0.  0.  0.  0.  0. -1.]
 [ 1.  0. -1.  0. -1. -1.  0. 50.  0.  0.  0.  0.]
 [ 1.  0.  0.  0.  0.  0.  0.  0.  0.  0.  0.  0.]
 [ 1.  0. -1.  0.  0.  0.  0.  0.  0. -1. -1. -1.]
 [ 1.  0. -1.  0.  0. -1.  0.  0.  0.  0.  0.  0.]
 [10.  0.  3.  0.  0. -1. 60.  0.  0.  0.  0. 90.]]
pos: [7, 2], client_on_board: 0, view: [-1.0, -1, 0.0, 0.0]
[157.139747   256.139747   256.139747   259.73711818 252.57834953]
action: Action.LEFT, reward: -1
Grid:
[[ 0.  0.  0.  0.  0.  0.  0.  0.  0.  0.  0.  0.]
 [ 1.  0. -1.  0.  0. -1. -1. -1. -1.  0.  0. -1.]
 [ 1.  0. -1.  0.  0.  0.  0.  0.  0.  0.  0. -1.]
 [ 1.  0. -1.  0. -1. -1.  0. 50.  0.  0.  0.  0.]
 [ 1.  0.  0.  0.  0.  0.  0.  0.  0.  0.  0.  0.]
 [ 1.  0. -1.  0.  0.  0.  0.  0.  0. -1. -1. -1.]
 [ 1.  0. -1.  0.  0. -1.  0.  0.  0.  0.  0.  0.]
 [10.  3.  0.  0.  0. -1. 60.  0.  0.  0.  0. 90.]]
pos: [7, 1], client_on_board: 0, view: [0.0, -1, 10.0, 0.0]
[160.73711818 256.139747   259.73711818 263.37082645 256.139747  ]
action: Action.LEFT, reward: 10
Grid:
[[ 0.  0.  0.  0.  0.  0.  0.  0.  0.  0.  0.  0.]
 [ 1.  0. -1.  0.  0. -1. -1. -1. -1.  0.  0. -1.]
 [ 1.  0. -1.  0.  0.  0.  0.  0.  0.  0.  0. -1.]
 [ 1.  0. -1.  0. -1. -1.  0. 50.  0.  0.  0.  0.]
 [ 1.  0.  0.  0.  0.  0.  0.  0.  0.  0.  0.  0.]
 [ 1.  0. -1.  0.  0.  0.  0.  0.  0. -1. -1. -1.]
 [ 1.  0. -1.  0.  0. -1.  0.  0.  0.  0.  0.  0.]
 [ 3.  0.  0.  0.  0. -1. 60.  0.  0.  0.  0. 90.]]
pos: [7, 0], client_on_board: 1, view: [1.0, -1, -1, 0.0]
[153.37082645 248.84711818 252.37082645 252.37082645 255.93012772]
action: Action.RIGHT, reward: -1
Grid:
[[ 0.  0.  0.  0.  0.  0.  0.  0.  0.  0.  0.  0.]
 [ 1.  0. -1.  0.  0. -1. -1. -1. -1.  0.  0. -1.]
 [ 1.  0. -1.  0.  0.  0.  0.  0.  0.  0.  0. -1.]
 [ 1.  0. -1.  0. -1. -1.  0. 50.  0.  0.  0.  0.]
 [ 1.  0.  0.  0.  0.  0.  0.  0.  0.  0.  0.  0.]
 [ 1.  0. -1.  0.  0.  0.  0.  0.  0. -1. -1. -1.]
 [ 1.  0. -1.  0.  0. -1.  0.  0.  0.  0.  0.  0.]
 [10.  3.  0.  0.  0. -1. 60.  0.  0.  0.  0. 90.]]
pos: [7, 1], client_on_board: 1, view: [0.0, -1, 10.0, 0.0]
[156.93012772 252.37082645 255.93012772 252.37082645 259.52538154]
action: Action.RIGHT, reward: -1
Grid:
[[ 0.  0.  0.  0.  0.  0.  0.  0.  0.  0.  0.  0.]
 [ 1.  0. -1.  0.  0. -1. -1. -1. -1.  0.  0. -1.]
 [ 1.  0. -1.  0.  0.  0.  0.  0.  0.  0.  0. -1.]
 [ 1.  0. -1.  0. -1. -1.  0. 50.  0.  0.  0.  0.]
 [ 1.  0.  0.  0.  0.  0.  0.  0.  0.  0.  0.  0.]
 [ 1.  0. -1.  0.  0.  0.  0.  0.  0. -1. -1. -1.]
 [ 1.  0. -1.  0.  0. -1.  0.  0.  0.  0.  0.  0.]
 [10.  0.  3.  0.  0. -1. 60.  0.  0.  0.  0. 90.]]
pos: [7, 2], client_on_board: 1, view: [-1.0, -1, 0.0, 0.0]
[160.52538154 259.52538154 259.52538154 255.93012772 263.15695105]
action: Action.RIGHT, reward: -1
Grid:
[[ 0.  0.  0.  0.  0.  0.  0.  0.  0.  0.  0.  0.]
 [ 1.  0. -1.  0.  0. -1. -1. -1. -1.  0.  0. -1.]
 [ 1.  0. -1.  0.  0.  0.  0.  0.  0.  0.  0. -1.]
 [ 1.  0. -1.  0. -1. -1.  0. 50.  0.  0.  0.  0.]
 [ 1.  0.  0.  0.  0.  0.  0.  0.  0.  0.  0.  0.]
 [ 1.  0. -1.  0.  0.  0.  0.  0.  0. -1. -1. -1.]
 [ 1.  0. -1.  0.  0. -1.  0.  0.  0.  0.  0.  0.]
 [10.  0.  0.  3.  0. -1. 60.  0.  0.  0.  0. 90.]]
pos: [7, 3], client_on_board: 1, view: [0.0, -1, 0.0, 0.0]
[164.15695105 266.82520308 263.15695105 259.52538154 266.82520308]
action: Action.UP, reward: -1
Grid:
[[ 0.  0.  0.  0.  0.  0.  0.  0.  0.  0.  0.  0.]
 [ 1.  0. -1.  0.  0. -1. -1. -1. -1.  0.  0. -1.]
 [ 1.  0. -1.  0.  0.  0.  0.  0.  0.  0.  0. -1.]
 [ 1.  0. -1.  0. -1. -1.  0. 50.  0.  0.  0.  0.]
 [ 1.  0.  0.  0.  0.  0.  0.  0.  0.  0.  0.  0.]
 [ 1.  0. -1.  0.  0.  0.  0.  0.  0. -1. -1. -1.]
 [ 1.  0. -1.  3.  0. -1.  0.  0.  0.  0.  0.  0.]
 [10.  0.  0.  0.  0. -1. 60.  0.  0.  0.  0. 90.]]
pos: [6, 3], client_on_board: 1, view: [0.0, 0.0, -1.0, 0.0]
[167.82520308 270.53050816 263.15695105 266.82520308 270.53050816]
action: Action.UP, reward: -1
Grid:
[[ 0.  0.  0.  0.  0.  0.  0.  0.  0.  0.  0.  0.]
 [ 1.  0. -1.  0.  0. -1. -1. -1. -1.  0.  0. -1.]
 [ 1.  0. -1.  0.  0.  0.  0.  0.  0.  0.  0. -1.]
 [ 1.  0. -1.  0. -1. -1.  0. 50.  0.  0.  0.  0.]
 [ 1.  0.  0.  0.  0.  0.  0.  0.  0.  0.  0.  0.]
 [ 1.  0. -1.  3.  0.  0.  0.  0.  0. -1. -1. -1.]
 [ 1.  0. -1.  0.  0. -1.  0.  0.  0.  0.  0.  0.]
 [10.  0.  0.  0.  0. -1. 60.  0.  0.  0.  0. 90.]]
pos: [5, 3], client_on_board: 1, view: [0.0, 0.0, -1.0, 0.0]
[171.53050816 266.82520308 266.82520308 270.53050816 274.27324057]
action: Action.RIGHT, reward: -1
Grid:
[[ 0.  0.  0.  0.  0.  0.  0.  0.  0.  0.  0.  0.]
 [ 1.  0. -1.  0.  0. -1. -1. -1. -1.  0.  0. -1.]
 [ 1.  0. -1.  0.  0.  0.  0.  0.  0.  0.  0. -1.]
 [ 1.  0. -1.  0. -1. -1.  0. 50.  0.  0.  0.  0.]
 [ 1.  0.  0.  0.  0.  0.  0.  0.  0.  0.  0.  0.]
 [ 1.  0. -1.  0.  3.  0.  0.  0.  0. -1. -1. -1.]
 [ 1.  0. -1.  0.  0. -1.  0.  0.  0.  0.  0.  0.]
 [10.  0.  0.  0.  0. -1. 60.  0.  0.  0.  0. 90.]]
pos: [5, 4], client_on_board: 1, view: [0.0, 0.0, 0.0, 0.0]
[175.27324057 270.53050816 270.53050816 270.53050816 278.05377835]
action: Action.RIGHT, reward: -1
Grid:
[[ 0.  0.  0.  0.  0.  0.  0.  0.  0.  0.  0.  0.]
 [ 1.  0. -1.  0.  0. -1. -1. -1. -1.  0.  0. -1.]
 [ 1.  0. -1.  0.  0.  0.  0.  0.  0.  0.  0. -1.]
 [ 1.  0. -1.  0. -1. -1.  0. 50.  0.  0.  0.  0.]
 [ 1.  0.  0.  0.  0.  0.  0.  0.  0.  0.  0.  0.]
 [ 1.  0. -1.  0.  0.  3.  0.  0.  0. -1. -1. -1.]
 [ 1.  0. -1.  0.  0. -1.  0.  0.  0.  0.  0.  0.]
 [10.  0.  0.  0.  0. -1. 60.  0.  0.  0.  0. 90.]]
pos: [5, 5], client_on_board: 1, view: [0.0, -1.0, 0.0, 0.0]
[179.05377835 274.27324057 278.05377835 274.27324057 281.87250339]
action: Action.RIGHT, reward: -1
Grid:
[[ 0.  0.  0.  0.  0.  0.  0.  0.  0.  0.  0.  0.]
 [ 1.  0. -1.  0.  0. -1. -1. -1. -1.  0.  0. -1.]
 [ 1.  0. -1.  0.  0.  0.  0.  0.  0.  0.  0. -1.]
 [ 1.  0. -1.  0. -1. -1.  0. 50.  0.  0.  0.  0.]
 [ 1.  0.  0.  0.  0.  0.  0.  0.  0.  0.  0.  0.]
 [ 1.  0. -1.  0.  0.  0.  3.  0.  0. -1. -1. -1.]
 [ 1.  0. -1.  0.  0. -1.  0.  0.  0.  0.  0.  0.]
 [10.  0.  0.  0.  0. -1. 60.  0.  0.  0.  0. 90.]]
pos: [5, 6], client_on_board: 1, view: [0.0, 0.0, 0.0, 0.0]
[182.87250339 278.05377835 285.7298014  278.05377835 278.05377835]
action: Action.DOWN, reward: -1
Grid:
[[ 0.  0.  0.  0.  0.  0.  0.  0.  0.  0.  0.  0.]
 [ 1.  0. -1.  0.  0. -1. -1. -1. -1.  0.  0. -1.]
 [ 1.  0. -1.  0.  0.  0.  0.  0.  0.  0.  0. -1.]
 [ 1.  0. -1.  0. -1. -1.  0. 50.  0.  0.  0.  0.]
 [ 1.  0.  0.  0.  0.  0.  0.  0.  0.  0.  0.  0.]
 [ 1.  0. -1.  0.  0.  0.  0.  0.  0. -1. -1. -1.]
 [ 1.  0. -1.  0.  0. -1.  3.  0.  0.  0.  0.  0.]
 [10.  0.  0.  0.  0. -1. 60.  0.  0.  0.  0. 90.]]
pos: [6, 6], client_on_board: 1, view: [0.0, 60.0, -1.0, 0.0]
[186.7298014  281.87250339 289.62606202 285.7298014  281.87250339]
action: Action.DOWN, reward: 60.0
Grid:
[[ 0.  0.  0.  0.  0.  0.  0.  0.  0.  0.  0.  0.]
 [ 1.  0. -1.  0.  0. -1. -1. -1. -1.  0.  0. -1.]
 [ 1.  0. -1.  0.  0.  0.  0.  0.  0.  0.  0. -1.]
 [ 1.  0. -1.  0. -1. -1.  0. 50.  0.  0.  0.  0.]
 [ 1.  0.  0.  0.  0.  0.  0.  0.  0.  0.  0.  0.]
 [ 1.  0. -1.  0.  0.  0.  0.  0.  0. -1. -1. -1.]
 [ 1.  0. -1.  0.  0. -1.  0.  0.  0.  0.  0.  0.]
 [10.  0.  0.  0.  0. -1.  3.  0.  0.  0.  0. 90.]]
pos: [7, 6], client_on_board: 0, view: [0.0, -1, -1.0, 0.0]
[129.62606202 231.94551719 228.62606202 228.62606202 225.3398014 ]
action: Action.UP, reward: -1
Grid:
[[ 0.  0.  0.  0.  0.  0.  0.  0.  0.  0.  0.  0.]
 [ 1.  0. -1.  0.  0. -1. -1. -1. -1.  0.  0. -1.]
 [ 1.  0. -1.  0.  0.  0.  0.  0.  0.  0.  0. -1.]
 [ 1.  0. -1.  0. -1. -1.  0. 50.  0.  0.  0.  0.]
 [ 1.  0.  0.  0.  0.  0.  0.  0.  0.  0.  0.  0.]
 [ 1.  0. -1.  0.  0.  0.  0.  0.  0. -1. -1. -1.]
 [ 1.  0. -1.  0.  0. -1.  3.  0.  0.  0.  0.  0.]
 [10.  0.  0.  0.  0. -1. 60.  0.  0.  0.  0. 90.]]
pos: [6, 6], client_on_board: 0, view: [0.0, 60.0, -1.0, 0.0]
[132.94551719 235.29850221 228.62606202 231.94551719 228.62606202]
action: Action.UP, reward: -1
Grid:
[[ 0.  0.  0.  0.  0.  0.  0.  0.  0.  0.  0.  0.]
 [ 1.  0. -1.  0.  0. -1. -1. -1. -1.  0.  0. -1.]
 [ 1.  0. -1.  0.  0.  0.  0.  0.  0.  0.  0. -1.]
 [ 1.  0. -1.  0. -1. -1.  0. 50.  0.  0.  0.  0.]
 [ 1.  0.  0.  0.  0.  0.  0.  0.  0.  0.  0.  0.]
 [ 1.  0. -1.  0.  0.  0.  3.  0.  0. -1. -1. -1.]
 [ 1.  0. -1.  0.  0. -1.  0.  0.  0.  0.  0.  0.]
 [10.  0.  0.  0.  0. -1. 60.  0.  0.  0.  0. 90.]]
pos: [5, 6], client_on_board: 0, view: [0.0, 0.0, 0.0, 0.0]
[136.29850221 231.94551719 231.94551719 238.68535577 231.94551719]
action: Action.LEFT, reward: -1
Grid:
[[ 0.  0.  0.  0.  0.  0.  0.  0.  0.  0.  0.  0.]
 [ 1.  0. -1.  0.  0. -1. -1. -1. -1.  0.  0. -1.]
 [ 1.  0. -1.  0.  0.  0.  0.  0.  0.  0.  0. -1.]
 [ 1.  0. -1.  0. -1. -1.  0. 50.  0.  0.  0.  0.]
 [ 1.  0.  0.  0.  0.  0.  0.  0.  0.  0.  0.  0.]
 [ 1.  0. -1.  0.  0.  3.  0.  0.  0. -1. -1. -1.]
 [ 1.  0. -1.  0.  0. -1.  0.  0.  0.  0.  0.  0.]
 [10.  0.  0.  0.  0. -1. 60.  0.  0.  0.  0. 90.]]
pos: [5, 5], client_on_board: 0, view: [0.0, -1.0, 0.0, 0.0]
[139.68535577 235.29850221 238.68535577 242.10641997 235.29850221]
action: Action.LEFT, reward: -1
Grid:
[[ 0.  0.  0.  0.  0.  0.  0.  0.  0.  0.  0.  0.]
 [ 1.  0. -1.  0.  0. -1. -1. -1. -1.  0.  0. -1.]
 [ 1.  0. -1.  0.  0.  0.  0.  0.  0.  0.  0. -1.]
 [ 1.  0. -1.  0. -1. -1.  0. 50.  0.  0.  0.  0.]
 [ 1.  0.  0.  0.  0.  0.  0.  0.  0.  0.  0.  0.]
 [ 1.  0. -1.  0.  3.  0.  0.  0.  0. -1. -1. -1.]
 [ 1.  0. -1.  0.  0. -1.  0.  0.  0.  0.  0.  0.]
 [10.  0.  0.  0.  0. -1. 60.  0.  0.  0.  0. 90.]]
pos: [5, 4], client_on_board: 0, view: [0.0, 0.0, 0.0, 0.0]
[143.10641997 238.68535577 245.56204037 245.56204037 238.68535577]
action: Action.DOWN, reward: -1
Grid:
[[ 0.  0.  0.  0.  0.  0.  0.  0.  0.  0.  0.  0.]
 [ 1.  0. -1.  0.  0. -1. -1. -1. -1.  0.  0. -1.]
 [ 1.  0. -1.  0.  0.  0.  0.  0.  0.  0.  0. -1.]
 [ 1.  0. -1.  0. -1. -1.  0. 50.  0.  0.  0.  0.]
 [ 1.  0.  0.  0.  0.  0.  0.  0.  0.  0.  0.  0.]
 [ 1.  0. -1.  0.  0.  0.  0.  0.  0. -1. -1. -1.]
 [ 1.  0. -1.  0.  3. -1.  0.  0.  0.  0.  0.  0.]
 [10.  0.  0.  0.  0. -1. 60.  0.  0.  0.  0. 90.]]
pos: [6, 4], client_on_board: 0, view: [0.0, 0.0, 0.0, -1.0]
[146.56204037 242.10641997 249.05256604 249.05256604 245.56204037]
action: Action.DOWN, reward: -1
Grid:
[[ 0.  0.  0.  0.  0.  0.  0.  0.  0.  0.  0.  0.]
 [ 1.  0. -1.  0.  0. -1. -1. -1. -1.  0.  0. -1.]
 [ 1.  0. -1.  0.  0.  0.  0.  0.  0.  0.  0. -1.]
 [ 1.  0. -1.  0. -1. -1.  0. 50.  0.  0.  0.  0.]
 [ 1.  0.  0.  0.  0.  0.  0.  0.  0.  0.  0.  0.]
 [ 1.  0. -1.  0.  0.  0.  0.  0.  0. -1. -1. -1.]
 [ 1.  0. -1.  0.  0. -1.  0.  0.  0.  0.  0.  0.]
 [10.  0.  0.  0.  3. -1. 60.  0.  0.  0.  0. 90.]]
pos: [7, 4], client_on_board: 0, view: [0.0, -1, 0.0, -1.0]
[150.05256604 245.56204037 249.05256604 252.57834953 249.05256604]
action: Action.LEFT, reward: -1
Grid:
[[ 0.  0.  0.  0.  0.  0.  0.  0.  0.  0.  0.  0.]
 [ 1.  0. -1.  0.  0. -1. -1. -1. -1.  0.  0. -1.]
 [ 1.  0. -1.  0.  0.  0.  0.  0.  0.  0.  0. -1.]
 [ 1.  0. -1.  0. -1. -1.  0. 50.  0.  0.  0.  0.]
 [ 1.  0.  0.  0.  0.  0.  0.  0.  0.  0.  0.  0.]
 [ 1.  0. -1.  0.  0.  0.  0.  0.  0. -1. -1. -1.]
 [ 1.  0. -1.  0.  0. -1.  0.  0.  0.  0.  0.  0.]
 [10.  0.  0.  3.  0. -1. 60.  0.  0.  0.  0. 90.]]
pos: [7, 3], client_on_board: 0, view: [0.0, -1, 0.0, 0.0]
[153.57834953 249.05256604 252.57834953 256.139747   249.05256604]
action: Action.LEFT, reward: -1
Grid:
[[ 0.  0.  0.  0.  0.  0.  0.  0.  0.  0.  0.  0.]
 [ 1.  0. -1.  0.  0. -1. -1. -1. -1.  0.  0. -1.]
 [ 1.  0. -1.  0.  0.  0.  0.  0.  0.  0.  0. -1.]
 [ 1.  0. -1.  0. -1. -1.  0. 50.  0.  0.  0.  0.]
 [ 1.  0.  0.  0.  0.  0.  0.  0.  0.  0.  0.  0.]
 [ 1.  0. -1.  0.  0.  0.  0.  0.  0. -1. -1. -1.]
 [ 1.  0. -1.  0.  0. -1.  0.  0.  0.  0.  0.  0.]
 [10.  0.  3.  0.  0. -1. 60.  0.  0.  0.  0. 90.]]
pos: [7, 2], client_on_board: 0, view: [-1.0, -1, 0.0, 0.0]
[157.139747   256.139747   256.139747   259.73711818 252.57834953]
action: Action.LEFT, reward: -1
Grid:
[[ 0.  0.  0.  0.  0.  0.  0.  0.  0.  0.  0.  0.]
 [ 1.  0. -1.  0.  0. -1. -1. -1. -1.  0.  0. -1.]
 [ 1.  0. -1.  0.  0.  0.  0.  0.  0.  0.  0. -1.]
 [ 1.  0. -1.  0. -1. -1.  0. 50.  0.  0.  0.  0.]
 [ 1.  0.  0.  0.  0.  0.  0.  0.  0.  0.  0.  0.]
 [ 1.  0. -1.  0.  0.  0.  0.  0.  0. -1. -1. -1.]
 [ 1.  0. -1.  0.  0. -1.  0.  0.  0.  0.  0.  0.]
 [10.  3.  0.  0.  0. -1. 60.  0.  0.  0.  0. 90.]]
pos: [7, 1], client_on_board: 0, view: [0.0, -1, 10.0, 0.0]
[160.73711818 256.139747   259.73711818 263.37082645 256.139747  ]
action: Action.LEFT, reward: 10
Grid:
[[ 0.  0.  0.  0.  0.  0.  0.  0.  0.  0.  0.  0.]
 [ 1.  0. -1.  0.  0. -1. -1. -1. -1.  0.  0. -1.]
 [ 1.  0. -1.  0.  0.  0.  0.  0.  0.  0.  0. -1.]
 [ 1.  0. -1.  0. -1. -1.  0. 50.  0.  0.  0.  0.]
 [ 1.  0.  0.  0.  0.  0.  0.  0.  0.  0.  0.  0.]
 [ 1.  0. -1.  0.  0.  0.  0.  0.  0. -1. -1. -1.]
 [ 1.  0. -1.  0.  0. -1.  0.  0.  0.  0.  0.  0.]
 [ 3.  0.  0.  0.  0. -1. 60.  0.  0.  0.  0. 90.]]
pos: [7, 0], client_on_board: 1, view: [1.0, -1, -1, 0.0]
[153.37082645 248.84711818 252.37082645 252.37082645 255.93012772]
action: Action.RIGHT, reward: -1
Grid:
[[ 0.  0.  0.  0.  0.  0.  0.  0.  0.  0.  0.  0.]
 [ 1.  0. -1.  0.  0. -1. -1. -1. -1.  0.  0. -1.]
 [ 1.  0. -1.  0.  0.  0.  0.  0.  0.  0.  0. -1.]
 [ 1.  0. -1.  0. -1. -1.  0. 50.  0.  0.  0.  0.]
 [ 1.  0.  0.  0.  0.  0.  0.  0.  0.  0.  0.  0.]
 [ 1.  0. -1.  0.  0.  0.  0.  0.  0. -1. -1. -1.]
 [ 1.  0. -1.  0.  0. -1.  0.  0.  0.  0.  0.  0.]
 [10.  3.  0.  0.  0. -1. 60.  0.  0.  0.  0. 90.]]
pos: [7, 1], client_on_board: 1, view: [0.0, -1, 10.0, 0.0]
[156.93012772 252.37082645 255.93012772 252.37082645 259.52538154]
action: Action.RIGHT, reward: -1
Grid:
[[ 0.  0.  0.  0.  0.  0.  0.  0.  0.  0.  0.  0.]
 [ 1.  0. -1.  0.  0. -1. -1. -1. -1.  0.  0. -1.]
 [ 1.  0. -1.  0.  0.  0.  0.  0.  0.  0.  0. -1.]
 [ 1.  0. -1.  0. -1. -1.  0. 50.  0.  0.  0.  0.]
 [ 1.  0.  0.  0.  0.  0.  0.  0.  0.  0.  0.  0.]
 [ 1.  0. -1.  0.  0.  0.  0.  0.  0. -1. -1. -1.]
 [ 1.  0. -1.  0.  0. -1.  0.  0.  0.  0.  0.  0.]
 [10.  0.  3.  0.  0. -1. 60.  0.  0.  0.  0. 90.]]
pos: [7, 2], client_on_board: 1, view: [-1.0, -1, 0.0, 0.0]
[160.52538154 259.52538154 259.52538154 255.93012772 263.15695105]
action: Action.RIGHT, reward: -1
Grid:
[[ 0.  0.  0.  0.  0.  0.  0.  0.  0.  0.  0.  0.]
 [ 1.  0. -1.  0.  0. -1. -1. -1. -1.  0.  0. -1.]
 [ 1.  0. -1.  0.  0.  0.  0.  0.  0.  0.  0. -1.]
 [ 1.  0. -1.  0. -1. -1.  0. 50.  0.  0.  0.  0.]
 [ 1.  0.  0.  0.  0.  0.  0.  0.  0.  0.  0.  0.]
 [ 1.  0. -1.  0.  0.  0.  0.  0.  0. -1. -1. -1.]
 [ 1.  0. -1.  0.  0. -1.  0.  0.  0.  0.  0.  0.]
 [10.  0.  0.  3.  0. -1. 60.  0.  0.  0.  0. 90.]]
pos: [7, 3], client_on_board: 1, view: [0.0, -1, 0.0, 0.0]
[164.15695105 266.82520308 263.15695105 259.52538154 266.82520308]
action: Action.UP, reward: -1
Grid:
[[ 0.  0.  0.  0.  0.  0.  0.  0.  0.  0.  0.  0.]
 [ 1.  0. -1.  0.  0. -1. -1. -1. -1.  0.  0. -1.]
 [ 1.  0. -1.  0.  0.  0.  0.  0.  0.  0.  0. -1.]
 [ 1.  0. -1.  0. -1. -1.  0. 50.  0.  0.  0.  0.]
 [ 1.  0.  0.  0.  0.  0.  0.  0.  0.  0.  0.  0.]
 [ 1.  0. -1.  0.  0.  0.  0.  0.  0. -1. -1. -1.]
 [ 1.  0. -1.  3.  0. -1.  0.  0.  0.  0.  0.  0.]
 [10.  0.  0.  0.  0. -1. 60.  0.  0.  0.  0. 90.]]
pos: [6, 3], client_on_board: 1, view: [0.0, 0.0, -1.0, 0.0]
[167.82520308 270.53050816 263.15695105 266.82520308 270.53050816]
action: Action.UP, reward: -1
Grid:
[[ 0.  0.  0.  0.  0.  0.  0.  0.  0.  0.  0.  0.]
 [ 1.  0. -1.  0.  0. -1. -1. -1. -1.  0.  0. -1.]
 [ 1.  0. -1.  0.  0.  0.  0.  0.  0.  0.  0. -1.]
 [ 1.  0. -1.  0. -1. -1.  0. 50.  0.  0.  0.  0.]
 [ 1.  0.  0.  0.  0.  0.  0.  0.  0.  0.  0.  0.]
 [ 1.  0. -1.  3.  0.  0.  0.  0.  0. -1. -1. -1.]
 [ 1.  0. -1.  0.  0. -1.  0.  0.  0.  0.  0.  0.]
 [10.  0.  0.  0.  0. -1. 60.  0.  0.  0.  0. 90.]]
pos: [5, 3], client_on_board: 1, view: [0.0, 0.0, -1.0, 0.0]
[171.53050816 266.82520308 266.82520308 270.53050816 274.27324057]
action: Action.RIGHT, reward: -1
Grid:
[[ 0.  0.  0.  0.  0.  0.  0.  0.  0.  0.  0.  0.]
 [ 1.  0. -1.  0.  0. -1. -1. -1. -1.  0.  0. -1.]
 [ 1.  0. -1.  0.  0.  0.  0.  0.  0.  0.  0. -1.]
 [ 1.  0. -1.  0. -1. -1.  0. 50.  0.  0.  0.  0.]
 [ 1.  0.  0.  0.  0.  0.  0.  0.  0.  0.  0.  0.]
 [ 1.  0. -1.  0.  3.  0.  0.  0.  0. -1. -1. -1.]
 [ 1.  0. -1.  0.  0. -1.  0.  0.  0.  0.  0.  0.]
 [10.  0.  0.  0.  0. -1. 60.  0.  0.  0.  0. 90.]]
pos: [5, 4], client_on_board: 1, view: [0.0, 0.0, 0.0, 0.0]
[175.27324057 270.53050816 270.53050816 270.53050816 278.05377835]
action: Action.RIGHT, reward: -1
Grid:
[[ 0.  0.  0.  0.  0.  0.  0.  0.  0.  0.  0.  0.]
 [ 1.  0. -1.  0.  0. -1. -1. -1. -1.  0.  0. -1.]
 [ 1.  0. -1.  0.  0.  0.  0.  0.  0.  0.  0. -1.]
 [ 1.  0. -1.  0. -1. -1.  0. 50.  0.  0.  0.  0.]
 [ 1.  0.  0.  0.  0.  0.  0.  0.  0.  0.  0.  0.]
 [ 1.  0. -1.  0.  0.  3.  0.  0.  0. -1. -1. -1.]
 [ 1.  0. -1.  0.  0. -1.  0.  0.  0.  0.  0.  0.]
 [10.  0.  0.  0.  0. -1. 60.  0.  0.  0.  0. 90.]]
pos: [5, 5], client_on_board: 1, view: [0.0, -1.0, 0.0, 0.0]
[179.05377835 274.27324057 278.05377835 274.27324057 281.87250339]
action: Action.RIGHT, reward: -1
Grid:
[[ 0.  0.  0.  0.  0.  0.  0.  0.  0.  0.  0.  0.]
 [ 1.  0. -1.  0.  0. -1. -1. -1. -1.  0.  0. -1.]
 [ 1.  0. -1.  0.  0.  0.  0.  0.  0.  0.  0. -1.]
 [ 1.  0. -1.  0. -1. -1.  0. 50.  0.  0.  0.  0.]
 [ 1.  0.  0.  0.  0.  0.  0.  0.  0.  0.  0.  0.]
 [ 1.  0. -1.  0.  0.  0.  3.  0.  0. -1. -1. -1.]
 [ 1.  0. -1.  0.  0. -1.  0.  0.  0.  0.  0.  0.]
 [10.  0.  0.  0.  0. -1. 60.  0.  0.  0.  0. 90.]]
pos: [5, 6], client_on_board: 1, view: [0.0, 0.0, 0.0, 0.0]
[182.87250339 278.05377835 285.7298014  278.05377835 278.05377835]
action: Action.DOWN, reward: -1
Grid:
[[ 0.  0.  0.  0.  0.  0.  0.  0.  0.  0.  0.  0.]
 [ 1.  0. -1.  0.  0. -1. -1. -1. -1.  0.  0. -1.]
 [ 1.  0. -1.  0.  0.  0.  0.  0.  0.  0.  0. -1.]
 [ 1.  0. -1.  0. -1. -1.  0. 50.  0.  0.  0.  0.]
 [ 1.  0.  0.  0.  0.  0.  0.  0.  0.  0.  0.  0.]
 [ 1.  0. -1.  0.  0.  0.  0.  0.  0. -1. -1. -1.]
 [ 1.  0. -1.  0.  0. -1.  3.  0.  0.  0.  0.  0.]
 [10.  0.  0.  0.  0. -1. 60.  0.  0.  0.  0. 90.]]
pos: [6, 6], client_on_board: 1, view: [0.0, 60.0, -1.0, 0.0]
[186.7298014  281.87250339 289.62606202 285.7298014  281.87250339]
action: Action.DOWN, reward: 60.0
Grid:
[[ 0.  0.  0.  0.  0.  0.  0.  0.  0.  0.  0.  0.]
 [ 1.  0. -1.  0.  0. -1. -1. -1. -1.  0.  0. -1.]
 [ 1.  0. -1.  0.  0.  0.  0.  0.  0.  0.  0. -1.]
 [ 1.  0. -1.  0. -1. -1.  0. 50.  0.  0.  0.  0.]
 [ 1.  0.  0.  0.  0.  0.  0.  0.  0.  0.  0.  0.]
 [ 1.  0. -1.  0.  0.  0.  0.  0.  0. -1. -1. -1.]
 [ 1.  0. -1.  0.  0. -1.  0.  0.  0.  0.  0.  0.]
 [10.  0.  0.  0.  0. -1.  3.  0.  0.  0.  0. 90.]]
pos: [7, 6], client_on_board: 0, view: [0.0, -1, -1.0, 0.0]
[129.62606202 231.94551719 228.62606202 228.62606202 225.3398014 ]
action: Action.UP, reward: -1
Grid:
[[ 0.  0.  0.  0.  0.  0.  0.  0.  0.  0.  0.  0.]
 [ 1.  0. -1.  0.  0. -1. -1. -1. -1.  0.  0. -1.]
 [ 1.  0. -1.  0.  0.  0.  0.  0.  0.  0.  0. -1.]
 [ 1.  0. -1.  0. -1. -1.  0. 50.  0.  0.  0.  0.]
 [ 1.  0.  0.  0.  0.  0.  0.  0.  0.  0.  0.  0.]
 [ 1.  0. -1.  0.  0.  0.  0.  0.  0. -1. -1. -1.]
 [ 1.  0. -1.  0.  0. -1.  3.  0.  0.  0.  0.  0.]
 [10.  0.  0.  0.  0. -1. 60.  0.  0.  0.  0. 90.]]
pos: [6, 6], client_on_board: 0, view: [0.0, 60.0, -1.0, 0.0]
[132.94551719 235.29850221 228.62606202 231.94551719 228.62606202]
action: Action.UP, reward: -1
Grid:
[[ 0.  0.  0.  0.  0.  0.  0.  0.  0.  0.  0.  0.]
 [ 1.  0. -1.  0.  0. -1. -1. -1. -1.  0.  0. -1.]
 [ 1.  0. -1.  0.  0.  0.  0.  0.  0.  0.  0. -1.]
 [ 1.  0. -1.  0. -1. -1.  0. 50.  0.  0.  0.  0.]
 [ 1.  0.  0.  0.  0.  0.  0.  0.  0.  0.  0.  0.]
 [ 1.  0. -1.  0.  0.  0.  3.  0.  0. -1. -1. -1.]
 [ 1.  0. -1.  0.  0. -1.  0.  0.  0.  0.  0.  0.]
 [10.  0.  0.  0.  0. -1. 60.  0.  0.  0.  0. 90.]]
pos: [5, 6], client_on_board: 0, view: [0.0, 0.0, 0.0, 0.0]
[136.29850221 231.94551719 231.94551719 238.68535577 231.94551719]
action: Action.LEFT, reward: -1
Grid:
[[ 0.  0.  0.  0.  0.  0.  0.  0.  0.  0.  0.  0.]
 [ 1.  0. -1.  0.  0. -1. -1. -1. -1.  0.  0. -1.]
 [ 1.  0. -1.  0.  0.  0.  0.  0.  0.  0.  0. -1.]
 [ 1.  0. -1.  0. -1. -1.  0. 50.  0.  0.  0.  0.]
 [ 1.  0.  0.  0.  0.  0.  0.  0.  0.  0.  0.  0.]
 [ 1.  0. -1.  0.  0.  3.  0.  0.  0. -1. -1. -1.]
 [ 1.  0. -1.  0.  0. -1.  0.  0.  0.  0.  0.  0.]
 [10.  0.  0.  0.  0. -1. 60.  0.  0.  0.  0. 90.]]
pos: [5, 5], client_on_board: 0, view: [0.0, -1.0, 0.0, 0.0]
[139.68535577 235.29850221 238.68535577 242.10641997 235.29850221]
action: Action.LEFT, reward: -1
Grid:
[[ 0.  0.  0.  0.  0.  0.  0.  0.  0.  0.  0.  0.]
 [ 1.  0. -1.  0.  0. -1. -1. -1. -1.  0.  0. -1.]
 [ 1.  0. -1.  0.  0.  0.  0.  0.  0.  0.  0. -1.]
 [ 1.  0. -1.  0. -1. -1.  0. 50.  0.  0.  0.  0.]
 [ 1.  0.  0.  0.  0.  0.  0.  0.  0.  0.  0.  0.]
 [ 1.  0. -1.  0.  3.  0.  0.  0.  0. -1. -1. -1.]
 [ 1.  0. -1.  0.  0. -1.  0.  0.  0.  0.  0.  0.]
 [10.  0.  0.  0.  0. -1. 60.  0.  0.  0.  0. 90.]]
pos: [5, 4], client_on_board: 0, view: [0.0, 0.0, 0.0, 0.0]
[143.10641997 238.68535577 245.56204037 245.56204037 238.68535577]
action: Action.DOWN, reward: -1
Grid:
[[ 0.  0.  0.  0.  0.  0.  0.  0.  0.  0.  0.  0.]
 [ 1.  0. -1.  0.  0. -1. -1. -1. -1.  0.  0. -1.]
 [ 1.  0. -1.  0.  0.  0.  0.  0.  0.  0.  0. -1.]
 [ 1.  0. -1.  0. -1. -1.  0. 50.  0.  0.  0.  0.]
 [ 1.  0.  0.  0.  0.  0.  0.  0.  0.  0.  0.  0.]
 [ 1.  0. -1.  0.  0.  0.  0.  0.  0. -1. -1. -1.]
 [ 1.  0. -1.  0.  3. -1.  0.  0.  0.  0.  0.  0.]
 [10.  0.  0.  0.  0. -1. 60.  0.  0.  0.  0. 90.]]
pos: [6, 4], client_on_board: 0, view: [0.0, 0.0, 0.0, -1.0]
[146.56204037 242.10641997 249.05256604 249.05256604 245.56204037]
action: Action.DOWN, reward: -1
Grid:
[[ 0.  0.  0.  0.  0.  0.  0.  0.  0.  0.  0.  0.]
 [ 1.  0. -1.  0.  0. -1. -1. -1. -1.  0.  0. -1.]
 [ 1.  0. -1.  0.  0.  0.  0.  0.  0.  0.  0. -1.]
 [ 1.  0. -1.  0. -1. -1.  0. 50.  0.  0.  0.  0.]
 [ 1.  0.  0.  0.  0.  0.  0.  0.  0.  0.  0.  0.]
 [ 1.  0. -1.  0.  0.  0.  0.  0.  0. -1. -1. -1.]
 [ 1.  0. -1.  0.  0. -1.  0.  0.  0.  0.  0.  0.]
 [10.  0.  0.  0.  3. -1. 60.  0.  0.  0.  0. 90.]]
pos: [7, 4], client_on_board: 0, view: [0.0, -1, 0.0, -1.0]
[150.05256604 245.56204037 249.05256604 252.57834953 249.05256604]
action: Action.LEFT, reward: -1
Grid:
[[ 0.  0.  0.  0.  0.  0.  0.  0.  0.  0.  0.  0.]
 [ 1.  0. -1.  0.  0. -1. -1. -1. -1.  0.  0. -1.]
 [ 1.  0. -1.  0.  0.  0.  0.  0.  0.  0.  0. -1.]
 [ 1.  0. -1.  0. -1. -1.  0. 50.  0.  0.  0.  0.]
 [ 1.  0.  0.  0.  0.  0.  0.  0.  0.  0.  0.  0.]
 [ 1.  0. -1.  0.  0.  0.  0.  0.  0. -1. -1. -1.]
 [ 1.  0. -1.  0.  0. -1.  0.  0.  0.  0.  0.  0.]
 [10.  0.  0.  3.  0. -1. 60.  0.  0.  0.  0. 90.]]
pos: [7, 3], client_on_board: 0, view: [0.0, -1, 0.0, 0.0]
[153.57834953 249.05256604 252.57834953 256.139747   249.05256604]
action: Action.LEFT, reward: -1
Grid:
[[ 0.  0.  0.  0.  0.  0.  0.  0.  0.  0.  0.  0.]
 [ 1.  0. -1.  0.  0. -1. -1. -1. -1.  0.  0. -1.]
 [ 1.  0. -1.  0.  0.  0.  0.  0.  0.  0.  0. -1.]
 [ 1.  0. -1.  0. -1. -1.  0. 50.  0.  0.  0.  0.]
 [ 1.  0.  0.  0.  0.  0.  0.  0.  0.  0.  0.  0.]
 [ 1.  0. -1.  0.  0.  0.  0.  0.  0. -1. -1. -1.]
 [ 1.  0. -1.  0.  0. -1.  0.  0.  0.  0.  0.  0.]
 [10.  0.  3.  0.  0. -1. 60.  0.  0.  0.  0. 90.]]
pos: [7, 2], client_on_board: 0, view: [-1.0, -1, 0.0, 0.0]
[157.139747   256.139747   256.139747   259.73711818 252.57834953]
action: Action.LEFT, reward: -1
Grid:
[[ 0.  0.  0.  0.  0.  0.  0.  0.  0.  0.  0.  0.]
 [ 1.  0. -1.  0.  0. -1. -1. -1. -1.  0.  0. -1.]
 [ 1.  0. -1.  0.  0.  0.  0.  0.  0.  0.  0. -1.]
 [ 1.  0. -1.  0. -1. -1.  0. 50.  0.  0.  0.  0.]
 [ 1.  0.  0.  0.  0.  0.  0.  0.  0.  0.  0.  0.]
 [ 1.  0. -1.  0.  0.  0.  0.  0.  0. -1. -1. -1.]
 [ 1.  0. -1.  0.  0. -1.  0.  0.  0.  0.  0.  0.]
 [10.  3.  0.  0.  0. -1. 60.  0.  0.  0.  0. 90.]]
pos: [7, 1], client_on_board: 0, view: [0.0, -1, 10.0, 0.0]
[160.73711818 256.139747   259.73711818 263.37082645 256.139747  ]
action: Action.LEFT, reward: 10
Grid:
[[ 0.  0.  0.  0.  0.  0.  0.  0.  0.  0.  0.  0.]
 [ 1.  0. -1.  0.  0. -1. -1. -1. -1.  0.  0. -1.]
 [ 1.  0. -1.  0.  0.  0.  0.  0.  0.  0.  0. -1.]
 [ 1.  0. -1.  0. -1. -1.  0. 50.  0.  0.  0.  0.]
 [ 1.  0.  0.  0.  0.  0.  0.  0.  0.  0.  0.  0.]
 [ 1.  0. -1.  0.  0.  0.  0.  0.  0. -1. -1. -1.]
 [ 1.  0. -1.  0.  0. -1.  0.  0.  0.  0.  0.  0.]
 [ 3.  0.  0.  0.  0. -1. 60.  0.  0.  0.  0. 90.]]
pos: [7, 0], client_on_board: 1, view: [1.0, -1, -1, 0.0]
[153.37082645 248.84711818 252.37082645 252.37082645 255.93012772]
action: Action.RIGHT, reward: -1
Grid:
[[ 0.  0.  0.  0.  0.  0.  0.  0.  0.  0.  0.  0.]
 [ 1.  0. -1.  0.  0. -1. -1. -1. -1.  0.  0. -1.]
 [ 1.  0. -1.  0.  0.  0.  0.  0.  0.  0.  0. -1.]
 [ 1.  0. -1.  0. -1. -1.  0. 50.  0.  0.  0.  0.]
 [ 1.  0.  0.  0.  0.  0.  0.  0.  0.  0.  0.  0.]
 [ 1.  0. -1.  0.  0.  0.  0.  0.  0. -1. -1. -1.]
 [ 1.  0. -1.  0.  0. -1.  0.  0.  0.  0.  0.  0.]
 [10.  3.  0.  0.  0. -1. 60.  0.  0.  0.  0. 90.]]
pos: [7, 1], client_on_board: 1, view: [0.0, -1, 10.0, 0.0]
[156.93012772 252.37082645 255.93012772 252.37082645 259.52538154]
action: Action.RIGHT, reward: -1
Grid:
[[ 0.  0.  0.  0.  0.  0.  0.  0.  0.  0.  0.  0.]
 [ 1.  0. -1.  0.  0. -1. -1. -1. -1.  0.  0. -1.]
 [ 1.  0. -1.  0.  0.  0.  0.  0.  0.  0.  0. -1.]
 [ 1.  0. -1.  0. -1. -1.  0. 50.  0.  0.  0.  0.]
 [ 1.  0.  0.  0.  0.  0.  0.  0.  0.  0.  0.  0.]
 [ 1.  0. -1.  0.  0.  0.  0.  0.  0. -1. -1. -1.]
 [ 1.  0. -1.  0.  0. -1.  0.  0.  0.  0.  0.  0.]
 [10.  0.  3.  0.  0. -1. 60.  0.  0.  0.  0. 90.]]
pos: [7, 2], client_on_board: 1, view: [-1.0, -1, 0.0, 0.0]
[160.52538154 259.52538154 259.52538154 255.93012772 263.15695105]
action: Action.RIGHT, reward: -1
Grid:
[[ 0.  0.  0.  0.  0.  0.  0.  0.  0.  0.  0.  0.]
 [ 1.  0. -1.  0.  0. -1. -1. -1. -1.  0.  0. -1.]
 [ 1.  0. -1.  0.  0.  0.  0.  0.  0.  0.  0. -1.]
 [ 1.  0. -1.  0. -1. -1.  0. 50.  0.  0.  0.  0.]
 [ 1.  0.  0.  0.  0.  0.  0.  0.  0.  0.  0.  0.]
 [ 1.  0. -1.  0.  0.  0.  0.  0.  0. -1. -1. -1.]
 [ 1.  0. -1.  0.  0. -1.  0.  0.  0.  0.  0.  0.]
 [10.  0.  0.  3.  0. -1. 60.  0.  0.  0.  0. 90.]]
pos: [7, 3], client_on_board: 1, view: [0.0, -1, 0.0, 0.0]
[164.15695105 266.82520308 263.15695105 259.52538154 266.82520308]
action: Action.UP, reward: -1
Grid:
[[ 0.  0.  0.  0.  0.  0.  0.  0.  0.  0.  0.  0.]
 [ 1.  0. -1.  0.  0. -1. -1. -1. -1.  0.  0. -1.]
 [ 1.  0. -1.  0.  0.  0.  0.  0.  0.  0.  0. -1.]
 [ 1.  0. -1.  0. -1. -1.  0. 50.  0.  0.  0.  0.]
 [ 1.  0.  0.  0.  0.  0.  0.  0.  0.  0.  0.  0.]
 [ 1.  0. -1.  0.  0.  0.  0.  0.  0. -1. -1. -1.]
 [ 1.  0. -1.  3.  0. -1.  0.  0.  0.  0.  0.  0.]
 [10.  0.  0.  0.  0. -1. 60.  0.  0.  0.  0. 90.]]
pos: [6, 3], client_on_board: 1, view: [0.0, 0.0, -1.0, 0.0]
[167.82520308 270.53050816 263.15695105 266.82520308 270.53050816]
action: Action.UP, reward: -1
Grid:
[[ 0.  0.  0.  0.  0.  0.  0.  0.  0.  0.  0.  0.]
 [ 1.  0. -1.  0.  0. -1. -1. -1. -1.  0.  0. -1.]
 [ 1.  0. -1.  0.  0.  0.  0.  0.  0.  0.  0. -1.]
 [ 1.  0. -1.  0. -1. -1.  0. 50.  0.  0.  0.  0.]
 [ 1.  0.  0.  0.  0.  0.  0.  0.  0.  0.  0.  0.]
 [ 1.  0. -1.  3.  0.  0.  0.  0.  0. -1. -1. -1.]
 [ 1.  0. -1.  0.  0. -1.  0.  0.  0.  0.  0.  0.]
 [10.  0.  0.  0.  0. -1. 60.  0.  0.  0.  0. 90.]]
pos: [5, 3], client_on_board: 1, view: [0.0, 0.0, -1.0, 0.0]
[171.53050816 266.82520308 266.82520308 270.53050816 274.27324057]
action: Action.RIGHT, reward: -1
Grid:
[[ 0.  0.  0.  0.  0.  0.  0.  0.  0.  0.  0.  0.]
 [ 1.  0. -1.  0.  0. -1. -1. -1. -1.  0.  0. -1.]
 [ 1.  0. -1.  0.  0.  0.  0.  0.  0.  0.  0. -1.]
 [ 1.  0. -1.  0. -1. -1.  0. 50.  0.  0.  0.  0.]
 [ 1.  0.  0.  0.  0.  0.  0.  0.  0.  0.  0.  0.]
 [ 1.  0. -1.  0.  3.  0.  0.  0.  0. -1. -1. -1.]
 [ 1.  0. -1.  0.  0. -1.  0.  0.  0.  0.  0.  0.]
 [10.  0.  0.  0.  0. -1. 60.  0.  0.  0.  0. 90.]]
pos: [5, 4], client_on_board: 1, view: [0.0, 0.0, 0.0, 0.0]
[175.27324057 270.53050816 270.53050816 270.53050816 278.05377835]
action: Action.RIGHT, reward: -1
Grid:
[[ 0.  0.  0.  0.  0.  0.  0.  0.  0.  0.  0.  0.]
 [ 1.  0. -1.  0.  0. -1. -1. -1. -1.  0.  0. -1.]
 [ 1.  0. -1.  0.  0.  0.  0.  0.  0.  0.  0. -1.]
 [ 1.  0. -1.  0. -1. -1.  0. 50.  0.  0.  0.  0.]
 [ 1.  0.  0.  0.  0.  0.  0.  0.  0.  0.  0.  0.]
 [ 1.  0. -1.  0.  0.  3.  0.  0.  0. -1. -1. -1.]
 [ 1.  0. -1.  0.  0. -1.  0.  0.  0.  0.  0.  0.]
 [10.  0.  0.  0.  0. -1. 60.  0.  0.  0.  0. 90.]]
pos: [5, 5], client_on_board: 1, view: [0.0, -1.0, 0.0, 0.0]
[179.05377835 274.27324057 278.05377835 274.27324057 281.87250339]
action: Action.RIGHT, reward: -1
Grid:
[[ 0.  0.  0.  0.  0.  0.  0.  0.  0.  0.  0.  0.]
 [ 1.  0. -1.  0.  0. -1. -1. -1. -1.  0.  0. -1.]
 [ 1.  0. -1.  0.  0.  0.  0.  0.  0.  0.  0. -1.]
 [ 1.  0. -1.  0. -1. -1.  0. 50.  0.  0.  0.  0.]
 [ 1.  0.  0.  0.  0.  0.  0.  0.  0.  0.  0.  0.]
 [ 1.  0. -1.  0.  0.  0.  3.  0.  0. -1. -1. -1.]
 [ 1.  0. -1.  0.  0. -1.  0.  0.  0.  0.  0.  0.]
 [10.  0.  0.  0.  0. -1. 60.  0.  0.  0.  0. 90.]]
pos: [5, 6], client_on_board: 1, view: [0.0, 0.0, 0.0, 0.0]
[182.87250339 278.05377835 285.7298014  278.05377835 278.05377835]
action: Action.DOWN, reward: -1
Grid:
[[ 0.  0.  0.  0.  0.  0.  0.  0.  0.  0.  0.  0.]
 [ 1.  0. -1.  0.  0. -1. -1. -1. -1.  0.  0. -1.]
 [ 1.  0. -1.  0.  0.  0.  0.  0.  0.  0.  0. -1.]
 [ 1.  0. -1.  0. -1. -1.  0. 50.  0.  0.  0.  0.]
 [ 1.  0.  0.  0.  0.  0.  0.  0.  0.  0.  0.  0.]
 [ 1.  0. -1.  0.  0.  0.  0.  0.  0. -1. -1. -1.]
 [ 1.  0. -1.  0.  0. -1.  3.  0.  0.  0.  0.  0.]
 [10.  0.  0.  0.  0. -1. 60.  0.  0.  0.  0. 90.]]
pos: [6, 6], client_on_board: 1, view: [0.0, 60.0, -1.0, 0.0]
[186.7298014  281.87250339 289.62606202 285.7298014  281.87250339]
action: Action.DOWN, reward: 60.0
Grid:
[[ 0.  0.  0.  0.  0.  0.  0.  0.  0.  0.  0.  0.]
 [ 1.  0. -1.  0.  0. -1. -1. -1. -1.  0.  0. -1.]
 [ 1.  0. -1.  0.  0.  0.  0.  0.  0.  0.  0. -1.]
 [ 1.  0. -1.  0. -1. -1.  0. 50.  0.  0.  0.  0.]
 [ 1.  0.  0.  0.  0.  0.  0.  0.  0.  0.  0.  0.]
 [ 1.  0. -1.  0.  0.  0.  0.  0.  0. -1. -1. -1.]
 [ 1.  0. -1.  0.  0. -1.  0.  0.  0.  0.  0.  0.]
 [10.  0.  0.  0.  0. -1.  3.  0.  0.  0.  0. 90.]]
pos: [7, 6], client_on_board: 0, view: [0.0, -1, -1.0, 0.0]
[129.62606202 231.94551719 228.62606202 228.62606202 225.3398014 ]
action: Action.UP, reward: -1
Grid:
[[ 0.  0.  0.  0.  0.  0.  0.  0.  0.  0.  0.  0.]
 [ 1.  0. -1.  0.  0. -1. -1. -1. -1.  0.  0. -1.]
 [ 1.  0. -1.  0.  0.  0.  0.  0.  0.  0.  0. -1.]
 [ 1.  0. -1.  0. -1. -1.  0. 50.  0.  0.  0.  0.]
 [ 1.  0.  0.  0.  0.  0.  0.  0.  0.  0.  0.  0.]
 [ 1.  0. -1.  0.  0.  0.  0.  0.  0. -1. -1. -1.]
 [ 1.  0. -1.  0.  0. -1.  3.  0.  0.  0.  0.  0.]
 [10.  0.  0.  0.  0. -1. 60.  0.  0.  0.  0. 90.]]
pos: [6, 6], client_on_board: 0, view: [0.0, 60.0, -1.0, 0.0]
[132.94551719 235.29850221 228.62606202 231.94551719 228.62606202]
action: Action.UP, reward: -1
Grid:
[[ 0.  0.  0.  0.  0.  0.  0.  0.  0.  0.  0.  0.]
 [ 1.  0. -1.  0.  0. -1. -1. -1. -1.  0.  0. -1.]
 [ 1.  0. -1.  0.  0.  0.  0.  0.  0.  0.  0. -1.]
 [ 1.  0. -1.  0. -1. -1.  0. 50.  0.  0.  0.  0.]
 [ 1.  0.  0.  0.  0.  0.  0.  0.  0.  0.  0.  0.]
 [ 1.  0. -1.  0.  0.  0.  3.  0.  0. -1. -1. -1.]
 [ 1.  0. -1.  0.  0. -1.  0.  0.  0.  0.  0.  0.]
 [10.  0.  0.  0.  0. -1. 60.  0.  0.  0.  0. 90.]]
pos: [5, 6], client_on_board: 0, view: [0.0, 0.0, 0.0, 0.0]
[136.29850221 231.94551719 231.94551719 238.68535577 231.94551719]
action: Action.LEFT, reward: -1
Grid:
[[ 0.  0.  0.  0.  0.  0.  0.  0.  0.  0.  0.  0.]
 [ 1.  0. -1.  0.  0. -1. -1. -1. -1.  0.  0. -1.]
 [ 1.  0. -1.  0.  0.  0.  0.  0.  0.  0.  0. -1.]
 [ 1.  0. -1.  0. -1. -1.  0. 50.  0.  0.  0.  0.]
 [ 1.  0.  0.  0.  0.  0.  0.  0.  0.  0.  0.  0.]
 [ 1.  0. -1.  0.  0.  3.  0.  0.  0. -1. -1. -1.]
 [ 1.  0. -1.  0.  0. -1.  0.  0.  0.  0.  0.  0.]
 [10.  0.  0.  0.  0. -1. 60.  0.  0.  0.  0. 90.]]
pos: [5, 5], client_on_board: 0, view: [0.0, -1.0, 0.0, 0.0]
[139.68535577 235.29850221 238.68535577 242.10641997 235.29850221]
action: Action.LEFT, reward: -1
Grid:
[[ 0.  0.  0.  0.  0.  0.  0.  0.  0.  0.  0.  0.]
 [ 1.  0. -1.  0.  0. -1. -1. -1. -1.  0.  0. -1.]
 [ 1.  0. -1.  0.  0.  0.  0.  0.  0.  0.  0. -1.]
 [ 1.  0. -1.  0. -1. -1.  0. 50.  0.  0.  0.  0.]
 [ 1.  0.  0.  0.  0.  0.  0.  0.  0.  0.  0.  0.]
 [ 1.  0. -1.  0.  3.  0.  0.  0.  0. -1. -1. -1.]
 [ 1.  0. -1.  0.  0. -1.  0.  0.  0.  0.  0.  0.]
 [10.  0.  0.  0.  0. -1. 60.  0.  0.  0.  0. 90.]]
pos: [5, 4], client_on_board: 0, view: [0.0, 0.0, 0.0, 0.0]
[143.10641997 238.68535577 245.56204037 245.56204037 238.68535577]
action: Action.DOWN, reward: -1
Grid:
[[ 0.  0.  0.  0.  0.  0.  0.  0.  0.  0.  0.  0.]
 [ 1.  0. -1.  0.  0. -1. -1. -1. -1.  0.  0. -1.]
 [ 1.  0. -1.  0.  0.  0.  0.  0.  0.  0.  0. -1.]
 [ 1.  0. -1.  0. -1. -1.  0. 50.  0.  0.  0.  0.]
 [ 1.  0.  0.  0.  0.  0.  0.  0.  0.  0.  0.  0.]
 [ 1.  0. -1.  0.  0.  0.  0.  0.  0. -1. -1. -1.]
 [ 1.  0. -1.  0.  3. -1.  0.  0.  0.  0.  0.  0.]
 [10.  0.  0.  0.  0. -1. 60.  0.  0.  0.  0. 90.]]
pos: [6, 4], client_on_board: 0, view: [0.0, 0.0, 0.0, -1.0]
[146.56204037 242.10641997 249.05256604 249.05256604 245.56204037]
action: Action.DOWN, reward: -1
Grid:
[[ 0.  0.  0.  0.  0.  0.  0.  0.  0.  0.  0.  0.]
 [ 1.  0. -1.  0.  0. -1. -1. -1. -1.  0.  0. -1.]
 [ 1.  0. -1.  0.  0.  0.  0.  0.  0.  0.  0. -1.]
 [ 1.  0. -1.  0. -1. -1.  0. 50.  0.  0.  0.  0.]
 [ 1.  0.  0.  0.  0.  0.  0.  0.  0.  0.  0.  0.]
 [ 1.  0. -1.  0.  0.  0.  0.  0.  0. -1. -1. -1.]
 [ 1.  0. -1.  0.  0. -1.  0.  0.  0.  0.  0.  0.]
 [10.  0.  0.  0.  3. -1. 60.  0.  0.  0.  0. 90.]]
pos: [7, 4], client_on_board: 0, view: [0.0, -1, 0.0, -1.0]
[150.05256604 245.56204037 249.05256604 252.57834953 249.05256604]
action: Action.LEFT, reward: -1
Grid:
[[ 0.  0.  0.  0.  0.  0.  0.  0.  0.  0.  0.  0.]
 [ 1.  0. -1.  0.  0. -1. -1. -1. -1.  0.  0. -1.]
 [ 1.  0. -1.  0.  0.  0.  0.  0.  0.  0.  0. -1.]
 [ 1.  0. -1.  0. -1. -1.  0. 50.  0.  0.  0.  0.]
 [ 1.  0.  0.  0.  0.  0.  0.  0.  0.  0.  0.  0.]
 [ 1.  0. -1.  0.  0.  0.  0.  0.  0. -1. -1. -1.]
 [ 1.  0. -1.  0.  0. -1.  0.  0.  0.  0.  0.  0.]
 [10.  0.  0.  3.  0. -1. 60.  0.  0.  0.  0. 90.]]
pos: [7, 3], client_on_board: 0, view: [0.0, -1, 0.0, 0.0]
[153.57834953 249.05256604 252.57834953 256.139747   249.05256604]
action: Action.LEFT, reward: -1
Grid:
[[ 0.  0.  0.  0.  0.  0.  0.  0.  0.  0.  0.  0.]
 [ 1.  0. -1.  0.  0. -1. -1. -1. -1.  0.  0. -1.]
 [ 1.  0. -1.  0.  0.  0.  0.  0.  0.  0.  0. -1.]
 [ 1.  0. -1.  0. -1. -1.  0. 50.  0.  0.  0.  0.]
 [ 1.  0.  0.  0.  0.  0.  0.  0.  0.  0.  0.  0.]
 [ 1.  0. -1.  0.  0.  0.  0.  0.  0. -1. -1. -1.]
 [ 1.  0. -1.  0.  0. -1.  0.  0.  0.  0.  0.  0.]
 [10.  0.  3.  0.  0. -1. 60.  0.  0.  0.  0. 90.]]
pos: [7, 2], client_on_board: 0, view: [-1.0, -1, 0.0, 0.0]
[157.139747   256.139747   256.139747   259.73711818 252.57834953]
action: Action.LEFT, reward: -1
Grid:
[[ 0.  0.  0.  0.  0.  0.  0.  0.  0.  0.  0.  0.]
 [ 1.  0. -1.  0.  0. -1. -1. -1. -1.  0.  0. -1.]
 [ 1.  0. -1.  0.  0.  0.  0.  0.  0.  0.  0. -1.]
 [ 1.  0. -1.  0. -1. -1.  0. 50.  0.  0.  0.  0.]
 [ 1.  0.  0.  0.  0.  0.  0.  0.  0.  0.  0.  0.]
 [ 1.  0. -1.  0.  0.  0.  0.  0.  0. -1. -1. -1.]
 [ 1.  0. -1.  0.  0. -1.  0.  0.  0.  0.  0.  0.]
 [10.  3.  0.  0.  0. -1. 60.  0.  0.  0.  0. 90.]]
pos: [7, 1], client_on_board: 0, view: [0.0, -1, 10.0, 0.0]
[160.73711818 256.139747   259.73711818 263.37082645 256.139747  ]
action: Action.LEFT, reward: 10
Grid:
[[ 0.  0.  0.  0.  0.  0.  0.  0.  0.  0.  0.  0.]
 [ 1.  0. -1.  0.  0. -1. -1. -1. -1.  0.  0. -1.]
 [ 1.  0. -1.  0.  0.  0.  0.  0.  0.  0.  0. -1.]
 [ 1.  0. -1.  0. -1. -1.  0. 50.  0.  0.  0.  0.]
 [ 1.  0.  0.  0.  0.  0.  0.  0.  0.  0.  0.  0.]
 [ 1.  0. -1.  0.  0.  0.  0.  0.  0. -1. -1. -1.]
 [ 1.  0. -1.  0.  0. -1.  0.  0.  0.  0.  0.  0.]
 [ 3.  0.  0.  0.  0. -1. 60.  0.  0.  0.  0. 90.]]
pos: [7, 0], client_on_board: 1, view: [1.0, -1, -1, 0.0]
[153.37082645 248.84711818 252.37082645 252.37082645 255.93012772]
action: Action.RIGHT, reward: -1
Grid:
[[ 0.  0.  0.  0.  0.  0.  0.  0.  0.  0.  0.  0.]
 [ 1.  0. -1.  0.  0. -1. -1. -1. -1.  0.  0. -1.]
 [ 1.  0. -1.  0.  0.  0.  0.  0.  0.  0.  0. -1.]
 [ 1.  0. -1.  0. -1. -1.  0. 50.  0.  0.  0.  0.]
 [ 1.  0.  0.  0.  0.  0.  0.  0.  0.  0.  0.  0.]
 [ 1.  0. -1.  0.  0.  0.  0.  0.  0. -1. -1. -1.]
 [ 1.  0. -1.  0.  0. -1.  0.  0.  0.  0.  0.  0.]
 [10.  3.  0.  0.  0. -1. 60.  0.  0.  0.  0. 90.]]
pos: [7, 1], client_on_board: 1, view: [0.0, -1, 10.0, 0.0]
[156.93012772 252.37082645 255.93012772 252.37082645 259.52538154]
action: Action.RIGHT, reward: -1
Grid:
[[ 0.  0.  0.  0.  0.  0.  0.  0.  0.  0.  0.  0.]
 [ 1.  0. -1.  0.  0. -1. -1. -1. -1.  0.  0. -1.]
 [ 1.  0. -1.  0.  0.  0.  0.  0.  0.  0.  0. -1.]
 [ 1.  0. -1.  0. -1. -1.  0. 50.  0.  0.  0.  0.]
 [ 1.  0.  0.  0.  0.  0.  0.  0.  0.  0.  0.  0.]
 [ 1.  0. -1.  0.  0.  0.  0.  0.  0. -1. -1. -1.]
 [ 1.  0. -1.  0.  0. -1.  0.  0.  0.  0.  0.  0.]
 [10.  0.  3.  0.  0. -1. 60.  0.  0.  0.  0. 90.]]
pos: [7, 2], client_on_board: 1, view: [-1.0, -1, 0.0, 0.0]
[160.52538154 259.52538154 259.52538154 255.93012772 263.15695105]
action: Action.RIGHT, reward: -1
Grid:
[[ 0.  0.  0.  0.  0.  0.  0.  0.  0.  0.  0.  0.]
 [ 1.  0. -1.  0.  0. -1. -1. -1. -1.  0.  0. -1.]
 [ 1.  0. -1.  0.  0.  0.  0.  0.  0.  0.  0. -1.]
 [ 1.  0. -1.  0. -1. -1.  0. 50.  0.  0.  0.  0.]
 [ 1.  0.  0.  0.  0.  0.  0.  0.  0.  0.  0.  0.]
 [ 1.  0. -1.  0.  0.  0.  0.  0.  0. -1. -1. -1.]
 [ 1.  0. -1.  0.  0. -1.  0.  0.  0.  0.  0.  0.]
 [10.  0.  0.  3.  0. -1. 60.  0.  0.  0.  0. 90.]]
pos: [7, 3], client_on_board: 1, view: [0.0, -1, 0.0, 0.0]
[164.15695105 266.82520308 263.15695105 259.52538154 266.82520308]
action: Action.UP, reward: -1
Grid:
[[ 0.  0.  0.  0.  0.  0.  0.  0.  0.  0.  0.  0.]
 [ 1.  0. -1.  0.  0. -1. -1. -1. -1.  0.  0. -1.]
 [ 1.  0. -1.  0.  0.  0.  0.  0.  0.  0.  0. -1.]
 [ 1.  0. -1.  0. -1. -1.  0. 50.  0.  0.  0.  0.]
 [ 1.  0.  0.  0.  0.  0.  0.  0.  0.  0.  0.  0.]
 [ 1.  0. -1.  0.  0.  0.  0.  0.  0. -1. -1. -1.]
 [ 1.  0. -1.  3.  0. -1.  0.  0.  0.  0.  0.  0.]
 [10.  0.  0.  0.  0. -1. 60.  0.  0.  0.  0. 90.]]
pos: [6, 3], client_on_board: 1, view: [0.0, 0.0, -1.0, 0.0]
[167.82520308 270.53050816 263.15695105 266.82520308 270.53050816]
action: Action.UP, reward: -1
Grid:
[[ 0.  0.  0.  0.  0.  0.  0.  0.  0.  0.  0.  0.]
 [ 1.  0. -1.  0.  0. -1. -1. -1. -1.  0.  0. -1.]
 [ 1.  0. -1.  0.  0.  0.  0.  0.  0.  0.  0. -1.]
 [ 1.  0. -1.  0. -1. -1.  0. 50.  0.  0.  0.  0.]
 [ 1.  0.  0.  0.  0.  0.  0.  0.  0.  0.  0.  0.]
 [ 1.  0. -1.  3.  0.  0.  0.  0.  0. -1. -1. -1.]
 [ 1.  0. -1.  0.  0. -1.  0.  0.  0.  0.  0.  0.]
 [10.  0.  0.  0.  0. -1. 60.  0.  0.  0.  0. 90.]]
pos: [5, 3], client_on_board: 1, view: [0.0, 0.0, -1.0, 0.0]
[171.53050816 266.82520308 266.82520308 270.53050816 274.27324057]
action: Action.RIGHT, reward: -1
Grid:
[[ 0.  0.  0.  0.  0.  0.  0.  0.  0.  0.  0.  0.]
 [ 1.  0. -1.  0.  0. -1. -1. -1. -1.  0.  0. -1.]
 [ 1.  0. -1.  0.  0.  0.  0.  0.  0.  0.  0. -1.]
 [ 1.  0. -1.  0. -1. -1.  0. 50.  0.  0.  0.  0.]
 [ 1.  0.  0.  0.  0.  0.  0.  0.  0.  0.  0.  0.]
 [ 1.  0. -1.  0.  3.  0.  0.  0.  0. -1. -1. -1.]
 [ 1.  0. -1.  0.  0. -1.  0.  0.  0.  0.  0.  0.]
 [10.  0.  0.  0.  0. -1. 60.  0.  0.  0.  0. 90.]]
pos: [5, 4], client_on_board: 1, view: [0.0, 0.0, 0.0, 0.0]
[175.27324057 270.53050816 270.53050816 270.53050816 278.05377835]
action: Action.RIGHT, reward: -1
Grid:
[[ 0.  0.  0.  0.  0.  0.  0.  0.  0.  0.  0.  0.]
 [ 1.  0. -1.  0.  0. -1. -1. -1. -1.  0.  0. -1.]
 [ 1.  0. -1.  0.  0.  0.  0.  0.  0.  0.  0. -1.]
 [ 1.  0. -1.  0. -1. -1.  0. 50.  0.  0.  0.  0.]
 [ 1.  0.  0.  0.  0.  0.  0.  0.  0.  0.  0.  0.]
 [ 1.  0. -1.  0.  0.  3.  0.  0.  0. -1. -1. -1.]
 [ 1.  0. -1.  0.  0. -1.  0.  0.  0.  0.  0.  0.]
 [10.  0.  0.  0.  0. -1. 60.  0.  0.  0.  0. 90.]]
pos: [5, 5], client_on_board: 1, view: [0.0, -1.0, 0.0, 0.0]
[179.05377835 274.27324057 278.05377835 274.27324057 281.87250339]
action: Action.RIGHT, reward: -1
Grid:
[[ 0.  0.  0.  0.  0.  0.  0.  0.  0.  0.  0.  0.]
 [ 1.  0. -1.  0.  0. -1. -1. -1. -1.  0.  0. -1.]
 [ 1.  0. -1.  0.  0.  0.  0.  0.  0.  0.  0. -1.]
 [ 1.  0. -1.  0. -1. -1.  0. 50.  0.  0.  0.  0.]
 [ 1.  0.  0.  0.  0.  0.  0.  0.  0.  0.  0.  0.]
 [ 1.  0. -1.  0.  0.  0.  3.  0.  0. -1. -1. -1.]
 [ 1.  0. -1.  0.  0. -1.  0.  0.  0.  0.  0.  0.]
 [10.  0.  0.  0.  0. -1. 60.  0.  0.  0.  0. 90.]]
pos: [5, 6], client_on_board: 1, view: [0.0, 0.0, 0.0, 0.0]
[182.87250339 278.05377835 285.7298014  278.05377835 278.05377835]
action: Action.DOWN, reward: -1
Grid:
[[ 0.  0.  0.  0.  0.  0.  0.  0.  0.  0.  0.  0.]
 [ 1.  0. -1.  0.  0. -1. -1. -1. -1.  0.  0. -1.]
 [ 1.  0. -1.  0.  0.  0.  0.  0.  0.  0.  0. -1.]
 [ 1.  0. -1.  0. -1. -1.  0. 50.  0.  0.  0.  0.]
 [ 1.  0.  0.  0.  0.  0.  0.  0.  0.  0.  0.  0.]
 [ 1.  0. -1.  0.  0.  0.  0.  0.  0. -1. -1. -1.]
 [ 1.  0. -1.  0.  0. -1.  3.  0.  0.  0.  0.  0.]
 [10.  0.  0.  0.  0. -1. 60.  0.  0.  0.  0. 90.]]
pos: [6, 6], client_on_board: 1, view: [0.0, 60.0, -1.0, 0.0]
[186.7298014  281.87250339 289.62606202 285.7298014  281.87250339]
action: Action.DOWN, reward: 60.0
Grid:
[[ 0.  0.  0.  0.  0.  0.  0.  0.  0.  0.  0.  0.]
 [ 1.  0. -1.  0.  0. -1. -1. -1. -1.  0.  0. -1.]
 [ 1.  0. -1.  0.  0.  0.  0.  0.  0.  0.  0. -1.]
 [ 1.  0. -1.  0. -1. -1.  0. 50.  0.  0.  0.  0.]
 [ 1.  0.  0.  0.  0.  0.  0.  0.  0.  0.  0.  0.]
 [ 1.  0. -1.  0.  0.  0.  0.  0.  0. -1. -1. -1.]
 [ 1.  0. -1.  0.  0. -1.  0.  0.  0.  0.  0.  0.]
 [10.  0.  0.  0.  0. -1.  3.  0.  0.  0.  0. 90.]]
pos: [7, 6], client_on_board: 0, view: [0.0, -1, -1.0, 0.0]
[129.62606202 231.94551719 228.62606202 228.62606202 225.3398014 ]
action: Action.UP, reward: -1
Grid:
[[ 0.  0.  0.  0.  0.  0.  0.  0.  0.  0.  0.  0.]
 [ 1.  0. -1.  0.  0. -1. -1. -1. -1.  0.  0. -1.]
 [ 1.  0. -1.  0.  0.  0.  0.  0.  0.  0.  0. -1.]
 [ 1.  0. -1.  0. -1. -1.  0. 50.  0.  0.  0.  0.]
 [ 1.  0.  0.  0.  0.  0.  0.  0.  0.  0.  0.  0.]
 [ 1.  0. -1.  0.  0.  0.  0.  0.  0. -1. -1. -1.]
 [ 1.  0. -1.  0.  0. -1.  3.  0.  0.  0.  0.  0.]
 [10.  0.  0.  0.  0. -1. 60.  0.  0.  0.  0. 90.]]
pos: [6, 6], client_on_board: 0, view: [0.0, 60.0, -1.0, 0.0]
[132.94551719 235.29850221 228.62606202 231.94551719 228.62606202]
action: Action.UP, reward: -1
Grid:
[[ 0.  0.  0.  0.  0.  0.  0.  0.  0.  0.  0.  0.]
 [ 1.  0. -1.  0.  0. -1. -1. -1. -1.  0.  0. -1.]
 [ 1.  0. -1.  0.  0.  0.  0.  0.  0.  0.  0. -1.]
 [ 1.  0. -1.  0. -1. -1.  0. 50.  0.  0.  0.  0.]
 [ 1.  0.  0.  0.  0.  0.  0.  0.  0.  0.  0.  0.]
 [ 1.  0. -1.  0.  0.  0.  3.  0.  0. -1. -1. -1.]
 [ 1.  0. -1.  0.  0. -1.  0.  0.  0.  0.  0.  0.]
 [10.  0.  0.  0.  0. -1. 60.  0.  0.  0.  0. 90.]]
pos: [5, 6], client_on_board: 0, view: [0.0, 0.0, 0.0, 0.0]
[136.29850221 231.94551719 231.94551719 238.68535577 231.94551719]
action: Action.LEFT, reward: -1
Grid:
[[ 0.  0.  0.  0.  0.  0.  0.  0.  0.  0.  0.  0.]
 [ 1.  0. -1.  0.  0. -1. -1. -1. -1.  0.  0. -1.]
 [ 1.  0. -1.  0.  0.  0.  0.  0.  0.  0.  0. -1.]
 [ 1.  0. -1.  0. -1. -1.  0. 50.  0.  0.  0.  0.]
 [ 1.  0.  0.  0.  0.  0.  0.  0.  0.  0.  0.  0.]
 [ 1.  0. -1.  0.  0.  3.  0.  0.  0. -1. -1. -1.]
 [ 1.  0. -1.  0.  0. -1.  0.  0.  0.  0.  0.  0.]
 [10.  0.  0.  0.  0. -1. 60.  0.  0.  0.  0. 90.]]
pos: [5, 5], client_on_board: 0, view: [0.0, -1.0, 0.0, 0.0]
[139.68535577 235.29850221 238.68535577 242.10641997 235.29850221]
action: Action.LEFT, reward: -1
Grid:
[[ 0.  0.  0.  0.  0.  0.  0.  0.  0.  0.  0.  0.]
 [ 1.  0. -1.  0.  0. -1. -1. -1. -1.  0.  0. -1.]
 [ 1.  0. -1.  0.  0.  0.  0.  0.  0.  0.  0. -1.]
 [ 1.  0. -1.  0. -1. -1.  0. 50.  0.  0.  0.  0.]
 [ 1.  0.  0.  0.  0.  0.  0.  0.  0.  0.  0.  0.]
 [ 1.  0. -1.  0.  3.  0.  0.  0.  0. -1. -1. -1.]
 [ 1.  0. -1.  0.  0. -1.  0.  0.  0.  0.  0.  0.]
 [10.  0.  0.  0.  0. -1. 60.  0.  0.  0.  0. 90.]]
pos: [5, 4], client_on_board: 0, view: [0.0, 0.0, 0.0, 0.0]
[143.10641997 238.68535577 245.56204037 245.56204037 238.68535577]
action: Action.DOWN, reward: -1
Grid:
[[ 0.  0.  0.  0.  0.  0.  0.  0.  0.  0.  0.  0.]
 [ 1.  0. -1.  0.  0. -1. -1. -1. -1.  0.  0. -1.]
 [ 1.  0. -1.  0.  0.  0.  0.  0.  0.  0.  0. -1.]
 [ 1.  0. -1.  0. -1. -1.  0. 50.  0.  0.  0.  0.]
 [ 1.  0.  0.  0.  0.  0.  0.  0.  0.  0.  0.  0.]
 [ 1.  0. -1.  0.  0.  0.  0.  0.  0. -1. -1. -1.]
 [ 1.  0. -1.  0.  3. -1.  0.  0.  0.  0.  0.  0.]
 [10.  0.  0.  0.  0. -1. 60.  0.  0.  0.  0. 90.]]
cummulative_reward: 260.0
Jobs completed: 5
